HPV1	1527	0	0
HPV2	1543	0	0
HPV3	1599	0	0
HPV4	1551	0	0
HPV5	1551	0	0
HPV6	1503	0	0
HPV7	1518	0	0
HPV8	1542	0	0
HPV9	1524	0	0
HPV10	1596	0	0
HPV11	1506	0	0
HPV12	1554	0	0
HPV13	1500	0	0
HPV14	1557	0	0
HPV15	1524	0	0
HPV16	1596	0	0
HPV17	1524	0	0
HPV18	1707	0	0
HPV19	1641	0	0
HPV20	1551	0	0
HPV21	1557	0	0
HPV22	1533	0	0
HPV23	1521	0	0
HPV24	1539	0	0
HPV25	1554	0	0
HPV26	1512	0	0
HPV27	1785	0	0
HPV28	1509	0	0
HPV29	1512	0	0
HPV30	1527	0	0
HPV31	1515	1	0
HPV32	1512	0	0
HPV33	1500	0	0
HPV34	1587	0	0
HPV35	1509	0	0
HPV36	1551	0	0
HPV37	1524	0	0
HPV38	1533	0	0
HPV39	1518	0	0
HPV40	1518	0	0
HPV41	1752	0	0
HPV42	1590	0	0
HPV43	1596	0	0
HPV44	1503	2	0
HPV45	1620	0	0
HPV47	1545	0	0
HPV48	1542	0	0
HPV49	1530	0	0
HPV50	1548	0	0
HPV51	1512	0	0
HPV52	1590	0	0
HPV53	1500	0	0
HPV54	1578	0	0
HPV56	1605	0	0
HPV57	1533	0	0
HPV58	1575	0	0
HPV59	1527	10019	0
HPV60	1527	0	0
HPV61	1518	0	0
HPV62	1512	0	0
HPV63	1524	0	0
HPV65	1551	0	0
HPV66	1512	1656	0
HPV67	1590	0	0
HPV68	1518	0	0
HPV69	1524	0	0
HPV70	1515	0	0
HPV71	1591	0	0
HPV72	1605	0	0
HPV73	1512	0	0
HPV74	1587	0	0
HPV75	1530	0	0
HPV76	1530	0	0
HPV77	1698	0	0
HPV78	1515	0	0
HPV80	1524	0	0
HPV81	1599	1143722	0
HPV82	1512	0	0
HPV83	1512	0	0
HPV84	1512	0	0
HPV85	1515	10622	0
HPV86	1518	12786	0
HPV87	1698	0	0
HPV88	1533	0	0
HPV89	1557	4	0
HPV90	1518	40805	0
HPV91	1785	0	0
HPV92	1536	0	0
HPV93	1542	0	0
HPV94	1599	0	0
HPV95	1548	0	0
HPV96	1539	0	0
HPV97	1602	0	0
HPV98	1539	0	0
HPV99	1632	0	0
HPV100	1629	0	0
HPV101	1665	0	0
HPV102	1944	0	0
HPV103	1548	0	0
HPV104	1587	0	0
HPV105	1563	0	0
HPV106	1704	0	0
HPV107	1524	0	0
HPV108	1542	0	0
HPV109	1554	0	0
HPV110	1521	0	0
HPV111	1521	0	0
HPV112	1581	0	0
HPV113	1527	0	0
HPV114	1524	0	0
HPV115	1539	0	0
HPV116	1557	0	0
HPV117	1602	0	0
HPV118	1536	0	0
HPV119	1584	0	0
HPV120	1521	0	0
HPV121	1560	0	0
HPV122	1527	0	0
HPV123	1563	0	0
HPV124	1536	0	0
HPV125	1596	0	0
HPV126	1572	0	0
HPV127	1530	0	0
HPV128	1515	0	0
HPV129	1554	0	0
HPV130	1563	0	0
HPV131	1542	0	0
HPV132	1527	0	0
HPV133	1558	0	0
HPV134	1551	0	0
HPV135	1548	0	0
HPV136	1572	0	0
HPV137	1551	0	0
HPV138	1545	0	0
HPV139	1557	0	0
HPV140	1587	0	0
HPV141	1572	0	0
HPV142	1563	0	0
HPV143	1551	0	0
HPV144	1554	0	0
HPV145	1524	0	0
HPV146	1548	0	0
HPV147	1566	0	0
HPV148	1539	0	0
HPV149	1551	0	0
HPV150	1533	0	0
HPV151	1536	0	0
HPV152	1365	0	0
HPV153	1536	0	0
HPV154	1578	0	0
HPV155	1545	0	0
HPV156	1530	0	0
HPV157	1530	0	0
HPV158	1536	0	0
HPV159	1527	0	0
HPV160	1593	0	0
HPV161	1524	0	0
HPV162	1521	0	0
HPV163	1524	0	0
HPV164	1578	0	0
HPV165	1521	0	0
HPV166	1521	0	0
HPV167	1568	0	0
HPV168	1572	0	0
HPV169	1578	0	0
HPV170	1557	0	0
HPV171	1635	0	0
HPV172	1551	0	0
HPV173	1542	0	0
HPV174	1463	0	0
HPV175	1533	0	0
HPV176	1572	0	0
HPV177	1596	0	0
HPV178	1545	0	0
HPV179	1475	0	0
HPV180	1560	0	0
HPV181	1575	0	0
HPV182	1522	0	0
HPV183	1533	0	0
HPV184	1569	0	0
HPV185	1539	0	0
HPV186	1566	0	0
HPV187	1545	0	0
HPV188	1548	0	0
HPV189	1554	0	0
HPV190	1536	0	0
HPV191	1566	0	0
HPV192	1542	0	0
HPV193	1557	0	0
HPV194	1524	0	0
HPV195	1536	0	0
HPV196	1536	0	0
HPV197	1548	0	0
HPV198	1533	0	0
HPV199	1512	0	0
HPV200	1545	0	0
HPV201	1527	0	0
HPV202	1587	0	0
HPV203	1620	0	0
HPV204	1445	0	0
HPV205	1547	0	0
HPV206	1551	0	0
HPV207	1545	0	0
HPV208	1611	0	0
HPV209	1524	0	0
HPV210	1527	0	0
HPV211	1451	0	0
HPV212	1553	0	0
HPV213	1472	0	0
HPV214	1448	0	0
HPV215	1463	0	0
HPV216	1552	0	0
HPV219	1527	0	0
HPV220	1544	0	0
HPV221	1564	0	0
HPV222	1539	0	0
HPV223	1563	0	0
HPV224	1542	0	0
HPV225	1563	0	0
HPV226	1508	0	0
HPV227	1524	0	0
HPV228	1527	0	0
HPV229	1551	0	0
HPV230	1629	0	0
HPV231	1557	0	0
*	0	0	0
